Camera matrix:
[[775.78407881   0.         650.78151439]
 [  0.         775.68713414 346.24145574]
 [  0.           0.           1.        ]]

Distortion coefficient matrix:
[[-6.69631531e-02  5.85005604e-01 -3.72779636e-03  6.13524082e-04
  -1.08160030e+00]]

Rotation Vectors:
[array([[-0.09675265],
       [-0.06189287],
       [-1.56007533]]), array([[ 0.22690402],
       [-0.13035851],
       [ 1.24309663]]), array([[ 0.30895311],
       [-0.10094956],
       [ 1.25918956]]), array([[ 0.2064774 ],
       [ 0.05804916],
       [-0.0127585 ]]), array([[ 0.14706097],
       [-0.12982942],
       [ 1.55957797]]), array([[0.30498353],
       [0.24025044],
       [1.48902055]]), array([[-0.23306625],
       [-0.37904166],
       [ 1.32706667]]), array([[-0.08825585],
       [ 0.0862467 ],
       [ 1.56442409]]), array([[-0.12177724],
       [-0.15619086],
       [ 1.26940844]]), array([[-0.08495305],
       [-0.14507446],
       [ 1.28767686]]), array([[-0.07005153],
       [ 0.25923978],
       [-1.31779664]]), array([[ 0.13623606],
       [-0.04606704],
       [ 1.55306538]]), array([[-0.07167045],
       [ 0.03686128],
       [ 1.54675889]]), array([[ 0.6403993 ],
       [-0.5514262 ],
       [ 1.46522784]]), array([[ 0.61115765],
       [-0.47772191],
       [ 1.47779666]]), array([[-0.40668897],
       [-0.40816623],
       [-1.51335888]]), array([[-0.4425826 ],
       [ 0.1576037 ],
       [-0.95195347]]), array([[0.08248754],
       [0.49665356],
       [1.1369955 ]]), array([[0.31337104],
       [0.0294777 ],
       [0.01153004]]), array([[ 0.00269527],
       [ 0.11381197],
       [-1.54350109]]), array([[-0.05913076],
       [-0.09718652],
       [ 1.54792658]]), array([[0.21318774],
       [0.31645122],
       [0.92225093]]), array([[-0.2701894 ],
       [ 0.25911644],
       [ 1.51427003]]), array([[-0.49587857],
       [-0.17746994],
       [-0.72255904]]), array([[ 0.36636849],
       [-0.41984716],
       [ 0.88051482]]), array([[-0.21620488],
       [-0.12273908],
       [ 1.49560433]]), array([[ 0.23062952],
       [-0.31350967],
       [ 1.52903811]]), array([[ 0.03055003],
       [-0.07328075],
       [ 1.55325557]]), array([[-0.25839329],
       [ 0.24731827],
       [ 1.52582147]]), array([[-0.01472021],
       [ 0.38160742],
       [-1.26229361]]), array([[ 0.16903104],
       [ 0.15460896],
       [-1.33604698]])]

Translation Vectors:
[array([[-3.85427335],
       [ 2.20385792],
       [10.50400514]]), array([[ 3.01018616],
       [-2.1101943 ],
       [10.69223403]]), array([[ 3.37510577],
       [-2.56823832],
       [ 9.84576695]]), array([[-2.883304  ],
       [-2.73355072],
       [11.60721253]]), array([[ 4.19616862],
       [-1.68553228],
       [ 8.5095046 ]]), array([[ 2.55683299],
       [-2.49454095],
       [10.10856284]]), array([[ 3.8268634 ],
       [-3.53102198],
       [12.14027089]]), array([[ 3.00511714],
       [-2.57912696],
       [10.87100707]]), array([[ 2.60695002],
       [-3.46160306],
       [11.25217864]]), array([[ 2.91083983],
       [-3.75040244],
       [12.25610846]]), array([[-4.41687614],
       [ 1.20409592],
       [14.85204155]]), array([[ 3.6053102 ],
       [-2.61810574],
       [13.53156744]]), array([[ 3.20496191],
       [-2.64773021],
       [11.37500467]]), array([[ 3.25442678],
       [-1.04092232],
       [ 9.4872932 ]]), array([[ 3.44866209],
       [-0.91877244],
       [10.50536487]]), array([[-3.70756557],
       [ 1.21325828],
       [ 9.09352423]]), array([[-4.10597076],
       [-1.03841991],
       [15.53442723]]), array([[ 1.82202802],
       [-3.96642293],
       [14.18818943]]), array([[-2.18259565],
       [-2.48575668],
       [10.91954288]]), array([[-2.78417894],
       [ 2.39135122],
       [12.50507911]]), array([[ 3.77081562],
       [-2.47993947],
       [13.71148336]]), array([[ 2.22465102],
       [-4.38930358],
       [14.31798659]]), array([[ 3.95177166],
       [-3.5295067 ],
       [12.58669777]]), array([[-5.02091849],
       [-1.904409  ],
       [16.5422829 ]]), array([[ 1.04212724],
       [-2.65670217],
       [14.02955481]]), array([[ 4.14827282],
       [-2.42888902],
       [10.95878764]]), array([[ 4.23774541],
       [-2.09226277],
       [11.0853139 ]]), array([[ 3.73647724],
       [-2.53493409],
       [11.34574785]]), array([[ 3.7708121 ],
       [-2.90314369],
       [11.5208748 ]]), array([[-3.59182577],
       [ 0.60376585],
       [14.42874902]]), array([[-3.34600825],
       [ 1.85174129],
       [11.36706526]])]